r11 = (exp(1)+exp(0))/2;

r21 = 0.5*r11+0.5 * (exp(0.5));

r31 = 0.5 * r21 + 0.25 * 
